"Name","Team","G","GS","IP","K/9","BB/9","HR/9","BABIP","LOB%","GB%","HR/FB","ERA","FIP","xFIP","WAR","playerid"
"Al Reyes","Cardinals","2","2","5.0","7.20","0.00","0.00",".000","100.0 %","36.4 %","0.0 %","0.00","1.45","2.87","0.2","1005"
"Chris Saenz","Brewers","1","1","6.0","10.50","4.50","0.00",".154","100.0 %","46.2 %","0.0 %","0.00","2.72","3.90","0.2","1913"
"Jason Stanford","Indians","2","2","11.0","4.09","4.09","0.00",".308","94.4 %","37.8 %","0.0 %","0.82","3.78","5.58","0.2","1763"
"Rick Bauer","Orioles","2","2","10.0","7.20","1.80","0.00",".276","80.0 %","62.1 %","0.0 %","1.80","2.05","2.76","0.4","125"
"Ricardo Rodriguez","Rangers","4","4","23.0","5.09","4.30","0.39",".282","76.7 %","46.8 %","3.7 %","1.96","3.92","5.02","0.5","1585"
"David Weathers","Marlins","2","2","9.0","6.00","4.00","1.00",".200","93.0 %","48.0 %","12.5 %","2.00","4.49","4.31","0.1","902"
"Jake Peavy","Padres","27","27","166.1","9.36","2.87","0.70",".300","83.9 %","42.3 %","8.0 %","2.27","3.14","3.51","4.1","1051"
"Horacio Ramirez","Braves","9","9","59.1","4.70","4.40","1.06",".226","80.7 %","53.5 %","14.9 %","2.28","5.00","4.60","0.3","110"
"Luke Hudson","Reds","9","9","48.1","7.08","4.66","0.56",".243","79.9 %","33.1 %","4.6 %","2.42","3.96","5.06","0.9","1542"
"Gustavo Chacin","Blue Jays","2","2","14.0","3.86","1.93","0.00",".190","66.7 %","42.9 %","0.0 %","2.57","3.05","4.77","0.4","2060"
"Randy Johnson","Diamondbacks","35","35","245.2","10.62","1.61","0.66",".264","69.5 %","43.1 %","8.0 %","2.60","2.30","2.64","9.6","60"
"Johan Santana","Twins","34","34","228.0","10.46","2.13","0.95",".250","80.4 %","40.6 %","10.6 %","2.61","2.92","2.96","6.8","755"
"Ben Sheets","Brewers","34","34","237.0","10.03","1.22","0.95",".288","75.3 %","42.6 %","10.7 %","2.70","2.65","2.68","8.0","710"
"Carlos Zambrano","Cubs","31","31","209.2","8.07","3.48","0.60",".274","79.1 %","50.7 %","8.0 %","2.75","3.57","3.89","4.7","305"
"Roger Clemens","Astros","33","33","214.1","9.15","3.32","0.63",".275","76.4 %","48.7 %","8.3 %","2.98","3.11","3.40","5.7","815"
"Oliver Perez","Pirates","30","30","196.0","10.97","3.72","1.01",".271","80.3 %","35.5 %","9.9 %","2.98","3.45","3.60","4.5","1514"
"Carl Pavano","Marlins","31","31","222.1","5.63","1.98","0.65",".282","76.9 %","47.6 %","7.3 %","3.00","3.54","4.01","4.5","790"
"Randy Flores","Cardinals","1","1","3.0","6.00","0.00","0.00",".400","80.0 %","44.4 %","0.0 %","3.00","2.72","5.08","0.1","1446"
"Brad Penny","- - -","24","24","143.0","6.99","2.83","0.76",".282","76.3 %","42.6 %","7.7 %","3.15","3.59","4.04","3.0","535"
"Jason Schmidt","Giants","32","32","225.0","10.04","3.08","0.72",".263","73.3 %","44.6 %","8.4 %","3.20","2.92","3.24","6.4","1131"
"Al Leiter","Mets","30","30","173.2","6.06","5.03","0.83",".240","81.0 %","40.6 %","7.8 %","3.21","4.76","5.24","1.5","883"
"Bruce Chen","Orioles","7","7","44.2","6.25","3.22","1.41",".235","79.2 %","38.2 %","11.9 %","3.22","4.77","4.61","0.6","769"
"Odalis Perez","Dodgers","31","31","196.1","5.87","2.02","1.19",".263","79.2 %","51.6 %","14.3 %","3.25","4.18","3.78","2.9","668"
"Curt Schilling","Red Sox","32","32","226.2","8.06","1.39","0.91",".284","75.8 %","40.5 %","9.2 %","3.26","3.11","3.35","6.5","73"
"Kazuhito Tadano","Indians","4","4","22.0","7.36","4.09","0.82",".279","70.5 %","33.8 %","6.5 %","3.27","4.37","5.19","0.3","1917"
"Jaret Wright","Braves","32","32","186.1","7.68","3.38","0.53",".292","71.8 %","46.1 %","6.1 %","3.28","3.29","3.90","4.5","415"
"Orlando Hernandez","Yankees","15","15","84.2","8.93","3.83","0.96",".284","81.9 %","36.5 %","8.9 %","3.30","3.90","4.21","1.7","823"
"Bobby Madritsch","Mariners","11","11","79.0","6.49","3.42","0.34",".268","72.2 %","40.6 %","3.6 %","3.30","3.35","4.35","2.2","2085"
"Wade Miller","Astros","15","15","88.2","7.51","4.47","1.12",".256","81.3 %","37.4 %","9.8 %","3.35","4.48","4.66","1.2","568"
"Doug Davis","Brewers","34","34","207.1","7.21","3.43","0.61",".290","75.1 %","47.5 %","7.0 %","3.39","3.57","4.06","4.4","1244"
"Tomo Ohka","Expos","15","15","84.2","4.04","2.13","1.17",".293","76.3 %","41.6 %","9.2 %","3.40","4.58","4.91","1.1","788"
"Chris Carpenter","Cardinals","28","28","182.0","7.52","1.88","1.19",".277","77.2 %","52.2 %","15.5 %","3.46","3.85","3.35","3.1","1292"
"Noah Lowry","Giants","14","14","88.0","7.26","2.56","0.92",".278","74.7 %","40.9 %","8.7 %","3.48","3.62","3.97","1.7","1833"
"Brad Radke","Twins","34","34","219.2","5.86","1.07","0.94",".293","73.9 %","43.0 %","8.6 %","3.48","3.55","3.91","5.0","748"
"Jake Westbrook","Indians","30","30","203.1","4.78","2.52","0.80",".276","71.4 %","62.5 %","12.4 %","3.50","4.05","3.91","2.9","412"
"Glendon Rusch","Cubs","16","16","97.2","6.63","1.84","0.83",".275","73.0 %","35.8 %","7.6 %","3.50","3.51","4.04","2.3","707"
"Roy Oswalt","Astros","35","35","236.0","7.78","2.36","0.65",".315","73.0 %","42.1 %","7.4 %","3.51","3.18","3.64","6.5","571"
"Tim Hudson","Athletics","27","27","188.2","4.91","2.10","0.38",".297","70.4 %","58.8 %","5.6 %","3.53","3.40","3.92","4.6","921"
"Brandon Webb","Diamondbacks","35","35","208.0","7.10","5.15","0.74",".285","71.0 %","64.3 %","16.8 %","3.59","4.41","4.04","2.6","1692"
"Livan Hernandez","Expos","35","35","255.0","6.56","2.93","0.92",".278","76.4 %","45.5 %","10.1 %","3.60","4.01","4.12","4.4","1116"
"Tom Glavine","Mets","33","33","212.1","4.62","2.97","0.85",".261","73.2 %","50.9 %","9.9 %","3.60","4.24","4.36","2.6","90"
"Joe Kennedy","Rockies","27","27","162.1","6.49","3.71","0.94",".294","79.4 %","48.1 %","10.4 %","3.66","4.35","4.43","2.8","1217"
"Matt Clement","Cubs","30","30","181.0","9.45","3.83","1.14",".279","77.9 %","49.4 %","15.4 %","3.68","4.08","3.59","3.0","271"
"Dave Bush","Blue Jays","16","16","97.2","5.90","2.30","1.01",".275","71.4 %","41.5 %","8.7 %","3.69","4.15","4.54","1.9","4635"
"Jason Marquis","Cardinals","32","32","201.1","6.17","3.13","1.16",".300","79.3 %","55.0 %","16.1 %","3.71","4.55","4.01","1.8","105"
"Kerry Wood","Cubs","22","22","140.1","9.24","3.27","1.03",".298","76.2 %","44.8 %","12.1 %","3.72","3.80","3.66","2.9","304"
"John Thomson","Braves","33","33","198.1","6.04","2.36","0.91",".305","72.9 %","47.4 %","10.4 %","3.72","3.90","3.97","3.2","453"
"David Wells","Padres","31","31","195.2","4.65","0.92","1.06",".274","72.6 %","47.6 %","10.5 %","3.73","3.88","3.94","3.1","855"
"A.J. Burnett","Marlins","19","19","118.0","8.31","2.90","0.69",".285","71.3 %","49.4 %","8.7 %","3.74","3.26","3.51","2.8","512"
"Josh Beckett","Marlins","26","26","156.2","8.73","3.10","0.92",".284","71.6 %","44.9 %","11.0 %","3.79","3.59","3.58","3.3","510"
"Gavin Floyd","Phillies","4","4","21.1","7.17","3.80","0.42",".302","75.2 %","48.4 %","5.3 %","3.80","3.75","4.41","0.4","3886"
"Brandon Backe","Astros","9","9","45.0","7.80","3.80","1.20",".331","81.2 %","38.8 %","10.7 %","3.80","4.38","4.42","0.6","1529"
"Freddy Garcia","- - -","31","31","210.0","7.89","2.74","0.94",".283","73.6 %","43.4 %","9.6 %","3.81","3.67","3.86","4.8","1077"
"Matt Wise","Brewers","3","3","11.2","2.31","1.54","0.00",".286","64.3 %","47.6 %","0.0 %","3.86","3.05","4.88","0.3","42"
"John Parrish","Orioles","1","1","2.1","15.43","11.57","0.00",".500","57.1 %","62.5 %","0.0 %","3.86","3.48","4.70","0.1","160"
"Mark Buehrle","White Sox","35","35","245.1","6.05","1.87","1.21",".295","73.0 %","48.8 %","13.7 %","3.89","4.17","3.82","4.5","225"
"Pedro Martinez","Red Sox","33","33","217.0","9.41","2.53","1.08",".291","73.2 %","38.2 %","10.4 %","3.90","3.58","3.66","4.9","200"
"Andy Pettitte","Astros","15","15","83.0","8.57","3.36","0.87",".276","71.6 %","51.7 %","13.8 %","3.90","3.52","3.26","1.9","840"
"Juan Dominguez","Rangers","4","4","23.0","5.48","1.96","0.78",".307","71.9 %","48.7 %","6.9 %","3.91","3.88","4.54","0.6","1796"
"Wil Ledezma","Tigers","8","8","41.1","5.01","2.83","0.44",".282","68.4 %","40.6 %","3.8 %","3.92","3.65","4.81","1.0","1669"
"Kelvim Escobar","Angels","33","33","208.1","8.25","3.28","0.91",".293","74.9 %","42.8 %","9.4 %","3.93","3.72","3.94","4.2","1298"
"Zach Day","Expos","19","19","116.2","4.71","3.47","1.00",".279","76.5 %","54.4 %","12.9 %","3.93","4.71","4.49","1.2","1496"
"Paul Byrd","Braves","19","19","114.1","6.22","1.50","1.42",".288","73.2 %","36.2 %","10.8 %","3.94","4.26","4.29","1.7","594"
"Dave Williams","Pirates","6","6","32.0","8.44","2.81","0.84",".253","65.1 %","51.1 %","11.1 %","3.94","3.61","3.59","0.6","1013"
"Rodrigo Lopez","Orioles","23","23","139.0","6.02","2.59","1.17",".289","75.9 %","46.2 %","11.8 %","3.95","4.30","4.18","2.1","150"
"Brett Tomko","Giants","31","31","193.0","5.04","2.94","0.84",".279","69.5 %","42.0 %","7.7 %","3.96","4.12","4.62","2.8","1056"
"Zack Greinke","Royals","24","24","145.0","6.21","1.61","1.61",".267","80.4 %","34.6 %","13.2 %","3.97","4.70","4.30","1.8","1943"
"Rich Harden","Athletics","31","31","189.2","7.92","3.84","0.76",".289","70.9 %","44.4 %","8.2 %","3.99","3.71","4.07","4.1","1772"
"Steve Trachsel","Mets","33","33","202.2","5.20","3.69","1.11",".273","73.1 %","42.8 %","10.1 %","4.00","4.80","4.93","1.5","898"
"Bronson Arroyo","Red Sox","29","29","175.1","7.03","2.36","0.82",".285","66.0 %","41.3 %","7.8 %","4.00","3.80","4.29","3.3","978"
"Jeff Weaver","Dodgers","34","34","220.0","6.26","2.74","0.78",".293","72.1 %","40.2 %","7.2 %","4.01","3.89","4.47","4.3","503"
"Mark Prior","Cubs","21","21","118.2","10.54","3.64","1.06",".320","76.7 %","35.7 %","10.1 %","4.02","3.53","3.66","2.9","301"
"Dontrelle Willis","Marlins","32","32","197.0","6.35","2.79","0.91",".306","71.7 %","44.7 %","9.5 %","4.02","4.01","4.20","3.1","1703"
"Greg Maddux","Cubs","33","33","212.2","6.39","1.40","1.48",".284","74.4 %","50.8 %","18.2 %","4.02","4.36","3.50","2.6","104"
"Ted Lilly","Blue Jays","32","32","197.1","7.66","4.06","1.19",".261","75.8 %","35.1 %","10.4 %","4.06","4.50","4.60","3.0","833"
"Kevin Brown","Yankees","22","22","132.0","5.66","2.39","0.95",".284","69.8 %","46.4 %","9.7 %","4.09","4.03","4.21","2.3","642"
"Gary Glover","Brewers","3","3","15.1","4.11","4.11","1.17",".264","72.1 %","50.9 %","11.8 %","4.11","5.59","5.47","0.0","234"
"Colby Lewis","Rangers","3","3","15.1","6.46","7.63","0.59",".267","78.1 %","37.8 %","6.7 %","4.11","5.20","5.74","0.1","1259"
"CC Sabathia","Indians","30","30","188.0","6.65","3.45","0.96",".284","72.7 %","39.1 %","8.9 %","4.12","4.21","4.52","2.8","404"
"Jamey Wright","Rockies","14","14","78.2","4.69","5.15","0.92",".284","77.2 %","50.6 %","10.3 %","4.12","5.27","5.36","0.6","715"
"Brian Lawrence","Padres","34","34","203.0","5.36","2.44","1.15",".303","74.3 %","51.9 %","13.4 %","4.12","4.44","4.13","1.8","1045"
"Russ Ortiz","Braves","34","34","204.2","6.29","4.93","1.01",".283","76.5 %","41.9 %","10.0 %","4.13","4.80","4.93","1.6","1124"
"Brian Powell","Phillies","2","2","13.0","7.62","1.38","2.08",".270","76.3 %","33.3 %","15.0 %","4.15","5.05","4.24","0.2","490"
"Adrian Hernandez","Brewers","1","1","4.1","8.31","14.54","0.00",".000","57.1 %","70.0 %","0.0 %","4.15","6.05","7.03","0.0","1504"
"Jeff Suppan","Cardinals","31","31","188.0","5.27","3.11","1.20",".277","72.6 %","48.4 %","13.1 %","4.16","4.77","4.49","1.4","633"
"Woody Williams","Cardinals","31","31","189.2","6.22","2.75","0.95",".289","72.0 %","37.4 %","8.1 %","4.18","4.10","4.57","2.9","1190"
"Jon Rauch","- - -","4","4","19.1","5.12","2.79","0.00",".365","69.0 %","39.3 %","0.0 %","4.19","2.84","5.12","0.7","1475"
"Roy Halladay","Blue Jays","21","21","133.0","6.43","2.64","0.88",".308","70.5 %","59.0 %","12.0 %","4.20","3.79","3.68","2.8","1303"
"Carlos Silva","Twins","33","33","203.0","3.37","1.55","1.02",".318","74.2 %","50.1 %","10.3 %","4.21","4.36","4.45","2.6","973"
"Jose Lima","Dodgers","24","24","151.1","4.82","1.55","1.96",".260","80.0 %","44.9 %","18.1 %","4.22","5.35","4.22","0.5","475"
"Jerome Williams","Giants","22","22","129.1","5.57","3.06","0.97",".270","70.0 %","50.1 %","11.5 %","4.24","4.63","4.57","1.0","1137"
"Randy Wolf","Phillies","23","23","136.2","5.86","2.37","1.32",".287","71.5 %","34.9 %","10.9 %","4.28","4.55","4.56","1.7","976"
"Mike Hampton","Braves","29","29","172.1","4.54","3.39","0.78",".309","73.3 %","51.9 %","10.1 %","4.28","4.32","4.42","1.9","430"
"Aaron Cook","Rockies","16","16","96.2","3.72","3.63","0.65",".309","74.9 %","58.7 %","8.5 %","4.28","4.59","4.85","1.2","1571"
"Ryan Drese","Rangers","33","33","203.1","4.16","2.57","0.71",".305","70.6 %","53.3 %","9.6 %","4.29","4.17","4.30","3.3","379"
"Kris Benson","- - -","31","31","200.1","6.02","2.74","0.67",".295","66.3 %","42.5 %","6.3 %","4.31","3.75","4.46","4.0","982"
"Mike Maroth","Tigers","33","33","217.0","4.48","2.45","1.04",".300","72.0 %","45.9 %","9.8 %","4.31","4.46","4.64","2.6","1508"
"Jon Lieber","Yankees","27","27","176.2","5.20","0.92","1.02",".323","67.8 %","48.4 %","9.9 %","4.33","3.71","3.87","3.5","287"
"Paul Wilson","Reds","29","29","183.2","5.73","3.09","1.27",".284","75.0 %","42.9 %","11.7 %","4.36","4.77","4.66","2.0","1234"
"Kirk Saarloos","Athletics","5","5","22.2","3.97","4.76","1.59",".273","80.8 %","50.0 %","18.2 %","4.37","6.31","5.40","-0.1","1516"
"Victor Zambrano","- - -","25","25","141.0","7.79","6.45","0.83",".269","73.0 %","45.9 %","9.6 %","4.40","5.01","5.17","0.9","1237"
"Mark Mulder","Athletics","33","33","225.2","5.58","3.31","1.00",".286","70.3 %","56.2 %","13.6 %","4.43","4.51","4.23","2.4","932"
"Mike Gosling","Diamondbacks","4","4","22.1","4.84","4.84","1.61",".265","81.6 %","46.5 %","14.8 %","4.43","6.05","5.44","-0.1","2204"
"Barry Zito","Athletics","34","34","213.0","6.89","3.42","1.18",".291","71.2 %","37.2 %","9.8 %","4.48","4.50","4.70","3.1","944"
"Shane Reynolds","Diamondbacks","1","1","2.0","0.00","9.00","0.00",".500","25.0 %","33.3 %","0.0 %","4.50","6.05","10.31","0.0","574"
"Ryan Glynn","Blue Jays","2","2","10.0","6.30","6.30","1.80",".233","85.5 %","28.1 %","14.3 %","4.50","6.95","6.34","-0.1","686"
"Tanyon Sturtze","Yankees","3","3","14.0","3.86","1.93","0.00",".283","58.8 %","37.0 %","0.0 %","4.50","3.05","4.88","0.5","1230"
"Travis Smith","Braves","4","4","22.0","6.55","2.86","2.05",".246","81.8 %","46.4 %","19.2 %","4.50","5.64","4.36","-0.1","1522"
"Vicente Padilla","Phillies","20","20","115.1","6.40","2.81","1.25",".287","71.5 %","44.4 %","11.6 %","4.53","4.63","4.52","1.3","964"
"Rob Bell","Devil Rays","19","19","107.1","4.19","3.19","0.92",".260","65.4 %","45.5 %","8.5 %","4.53","4.62","5.01","1.2","1492"
"Matt Ginter","Mets","14","14","67.1","4.81","2.67","1.07",".298","68.6 %","42.7 %","9.0 %","4.54","4.64","4.97","0.7","233"
"Kip Wells","Pirates","24","24","138.1","7.55","4.29","0.91",".313","74.0 %","46.1 %","10.5 %","4.55","4.25","4.30","1.9","1012"
"Dustin Hermanson","Giants","18","18","104.0","6.40","3.03","1.12",".296","69.9 %","39.7 %","9.9 %","4.59","4.32","4.48","1.2","195"
"Mike Mussina","Yankees","27","27","164.2","7.21","2.19","1.20",".311","68.2 %","43.4 %","12.4 %","4.59","3.95","3.75","3.0","837"
"Mike Bacsik","Rangers","3","3","15.2","3.45","0.57","1.15",".269","67.9 %","38.5 %","8.7 %","4.60","4.52","4.94","0.2","863"
"Adam Eaton","Padres","33","33","199.1","6.91","2.35","1.26",".291","67.5 %","37.1 %","10.6 %","4.61","4.27","4.33","2.4","1029"
"Dave Borkowski","Orioles","8","8","46.2","6.75","1.93","0.96",".315","69.6 %","44.0 %","9.8 %","4.63","3.71","3.87","1.0","2002"
"Jarrod Washburn","Angels","25","25","149.1","5.18","2.41","1.21",".284","69.7 %","38.9 %","9.9 %","4.64","4.52","4.71","1.7","40"
"Josh Fogg","Pirates","32","32","178.1","4.14","3.33","0.86",".295","69.5 %","46.4 %","9.0 %","4.64","4.61","4.88","1.7","989"
"Joel Pineiro","Mariners","21","21","140.2","7.10","2.75","1.34",".295","70.5 %","43.9 %","13.1 %","4.67","4.41","4.09","1.8","1094"
"Jung Bong","Reds","3","3","15.1","6.46","5.87","1.76",".275","61.4 %","43.1 %","15.0 %","4.70","6.11","5.42","-0.1","82"
"John Lackey","Angels","32","32","197.1","6.52","2.74","1.00",".310","69.3 %","44.1 %","9.2 %","4.70","4.08","4.36","3.1","1507"
"Chris Young","Rangers","7","7","36.1","6.69","2.48","1.73",".259","70.7 %","32.5 %","12.7 %","4.71","5.06","4.70","0.5","3196"
"Kazuhisa Ishii","Dodgers","31","31","172.0","5.18","5.13","1.10",".254","70.3 %","31.0 %","8.2 %","4.71","5.26","5.78","0.8","655"
"Mark Redman","Athletics","32","32","191.0","4.81","3.20","1.32",".303","72.0 %","40.1 %","11.1 %","4.71","5.05","5.03","1.4","491"
"Matt Morris","Cardinals","32","32","202.0","5.84","2.50","1.56",".273","69.3 %","51.3 %","17.7 %","4.72","4.93","4.07","1.1","1172"
"Erik Bedard","Orioles","26","26","133.1","8.03","4.72","0.88",".328","69.0 %","37.8 %","7.5 %","4.72","4.26","4.84","2.4","126"
"Kirk Rueter","Giants","33","33","190.1","2.65","3.12","0.99",".293","70.1 %","49.9 %","10.2 %","4.73","4.95","5.05","0.7","1128"
"Sun-Woo Kim","Expos","17","17","85.1","5.17","3.59","1.37",".301","67.9 %","48.6 %","14.4 %","4.75","5.22","4.74","0.4","197"
"Eric Milton","Phillies","34","34","201.0","7.21","3.36","1.93",".263","76.5 %","30.0 %","13.5 %","4.75","5.36","4.83","1.4","743"
"Kenny Rogers","Rangers","35","35","211.2","5.36","2.81","1.02",".315","71.2 %","43.6 %","10.0 %","4.76","4.40","4.53","3.2","1277"
"Jon Garland","White Sox","33","33","216.2","4.65","3.12","1.41",".268","70.0 %","45.5 %","13.3 %","4.82","5.15","4.78","1.9","232"
"Mark Hendrickson","Devil Rays","30","30","180.0","4.20","2.30","1.05",".294","64.5 %","44.6 %","9.8 %","4.85","4.52","4.70","2.1","1574"
"Kevin Millwood","Phillies","25","25","141.0","7.98","3.26","0.89",".327","68.3 %","40.5 %","9.3 %","4.85","3.80","4.02","2.9","106"
"Victor Santos","Brewers","28","28","150.0","6.66","3.30","1.02",".307","66.6 %","40.7 %","8.4 %","4.86","4.28","4.72","2.4","446"
"Aaron Harang","Reds","28","28","161.0","6.99","2.96","1.45",".301","73.0 %","41.3 %","13.5 %","4.86","4.68","4.28","1.8","1451"
"Tony Armas Jr.","Expos","16","16","72.0","6.75","5.62","1.62",".260","76.5 %","34.9 %","14.6 %","4.87","5.94","5.35","-0.1","761"
"Jeremy Bonderman","Tigers","32","32","182.2","8.18","3.60","1.18",".276","69.2 %","48.3 %","13.9 %","4.88","4.30","3.94","2.4","1667"
"Miguel Batista","Blue Jays","31","31","190.0","4.59","4.36","0.95",".287","68.6 %","52.2 %","11.6 %","4.88","4.90","4.81","1.6","46"
"Ryan Franklin","Mariners","32","32","200.1","4.67","2.74","1.48",".289","72.0 %","35.0 %","10.9 %","4.90","5.22","5.22","1.3","1076"
"Cory Lidle","- - -","34","34","211.1","5.37","2.60","1.15",".287","66.9 %","48.8 %","13.4 %","4.90","4.53","4.22","2.7","926"
"Javier Vazquez","Yankees","32","32","198.0","6.82","2.73","1.50",".272","69.2 %","37.7 %","12.6 %","4.91","4.78","4.49","2.0","801"
"Jorge Sosa","Devil Rays","8","8","47.2","7.74","3.78","1.51",".291","65.7 %","33.1 %","10.8 %","4.91","4.77","4.79","0.5","1228"
"Terry Mulholland","Twins","15","15","87.1","4.12","2.16","1.24",".323","70.2 %","47.9 %","12.4 %","4.95","4.78","4.57","0.6","665"
"Wilson Alvarez","Dodgers","15","15","76.1","7.07","1.89","1.06",".296","63.2 %","35.1 %","8.7 %","4.95","3.80","4.20","1.6","1193"
"Tim Wakefield","Red Sox","30","30","185.1","5.54","3.06","1.41",".276","66.1 %","46.6 %","11.9 %","4.95","5.13","4.97","1.4","219"
"Dewon Brazelton","Devil Rays","21","21","116.0","4.81","3.88","0.93",".281","67.4 %","36.8 %","6.9 %","4.97","4.90","5.70","1.2","1195"
"Brad Hennessey","Giants","7","7","34.1","6.55","3.93","0.52",".331","60.9 %","47.9 %","5.9 %","4.98","3.66","4.31","0.6","3720"
"Chris Capuano","Brewers","17","17","88.1","8.15","3.77","1.83",".298","72.4 %","37.7 %","16.8 %","4.99","5.31","4.39","0.4","1701"
"Gil Meche","Mariners","23","23","127.2","6.98","3.31","1.48",".300","73.0 %","36.7 %","11.8 %","5.01","4.86","4.70","1.1","1089"
"Bartolo Colon","Angels","34","34","208.1","6.83","3.07","1.64",".282","70.8 %","38.2 %","13.5 %","5.01","4.97","4.51","1.4","375"
"Sean Burnett","Pirates","13","13","71.2","3.77","3.52","1.13",".308","72.3 %","56.4 %","13.0 %","5.02","5.06","4.79","0.3","1886"
"Aaron Sele","Angels","24","24","121.2","3.25","3.40","1.04",".310","67.6 %","42.3 %","7.7 %","5.03","5.08","5.71","0.7","34"
"Daniel Cabrera","Orioles","27","27","146.2","4.60","5.40","0.86",".272","69.5 %","43.3 %","7.3 %","5.03","5.11","5.74","1.2","1931"
"John Patterson","Expos","19","19","98.1","9.06","4.21","1.65",".299","74.5 %","31.8 %","14.2 %","5.03","5.06","4.52","0.8","71"
"Nate Robertson","Tigers","32","32","190.2","6.89","2.88","1.42",".302","67.8 %","49.3 %","15.9 %","5.05","4.59","3.95","1.9","1620"
"Dennys Reyes","Royals","12","12","64.0","6.89","3.94","0.98",".337","68.6 %","50.3 %","11.5 %","5.06","4.39","4.33","0.8","444"
"Jae Seo","Mets","21","21","112.0","4.26","4.02","1.37",".301","73.0 %","37.7 %","11.8 %","5.06","5.47","5.32","0.2","895"
"Dennis Tankersley","Padres","6","6","32.0","7.03","3.94","0.84",".293","56.1 %","46.9 %","9.7 %","5.06","4.11","4.27","0.5","1054"
"Josh Towers","Blue Jays","21","21","116.1","3.95","2.01","1.24",".317","70.4 %","46.4 %","11.3 %","5.11","4.86","4.80","1.1","1489"
"Jason Johnson","Tigers","33","33","196.2","5.72","2.75","1.01",".309","64.8 %","49.5 %","11.2 %","5.13","4.22","4.19","2.7","147"
"Scott Downs","Expos","12","12","63.0","5.43","3.29","1.29",".332","62.8 %","52.1 %","14.8 %","5.14","4.94","4.46","0.4","773"
"Jeff Francis","Rockies","7","7","36.2","7.85","3.19","1.96",".309","75.9 %","44.3 %","17.0 %","5.15","5.29","4.27","0.3","4684"
"Ismael Valdez","- - -","31","31","167.1","3.60","2.64","1.77",".279","71.9 %","37.6 %","13.0 %","5.16","5.73","5.32","-0.5","1283"
"Esteban Loaiza","- - -","27","27","170.2","5.48","3.22","1.53",".301","70.5 %","41.0 %","13.0 %","5.17","5.16","4.81","1.3","1310"
"Josh Hancock","- - -","11","11","59.0","5.03","3.81","2.44",".264","74.0 %","45.1 %","20.3 %","5.19","6.78","5.15","-0.5","1606"
"Jamie Moyer","Mariners","33","33","199.0","5.65","2.67","1.94",".269","71.1 %","39.1 %","15.2 %","5.20","5.66","4.87","0.1","1091"
"Tim Redding","Astros","17","17","86.0","4.50","3.35","1.26",".318","67.1 %","40.4 %","11.2 %","5.23","5.12","5.07","0.4","573"
"Jeremy Affeldt","Royals","8","8","46.1","4.08","3.69","0.58",".339","63.8 %","42.9 %","5.8 %","5.24","4.41","5.16","0.6","583"
"Jimmy Serrano","Royals","5","5","25.2","7.01","3.51","1.75",".325","76.5 %","34.1 %","14.3 %","5.26","5.31","4.71","0.1","2491"
"Pete Munro","Astros","19","19","94.0","5.46","2.30","1.05",".322","68.6 %","51.1 %","12.1 %","5.27","4.44","4.30","1.1","1546"
"Gary Knotts","Tigers","19","19","105.1","5.21","3.50","1.20",".282","67.0 %","44.0 %","11.7 %","5.30","4.90","4.79","0.8","1428"
"Sidney Ponson","Orioles","33","33","215.2","4.80","2.88","0.96",".327","66.5 %","50.9 %","10.1 %","5.30","4.44","4.56","3.0","161"
"Todd Van Poppel","Reds","11","11","61.0","4.87","1.77","1.48",".284","66.7 %","38.6 %","10.4 %","5.31","4.74","4.84","0.7","1284"
"Kyle Lohse","Twins","34","34","193.0","5.18","3.50","1.31",".321","68.5 %","44.4 %","11.7 %","5.36","5.06","4.94","1.0","739"
"Matt Thornton","Mariners","1","1","5.0","7.20","12.60","1.80",".154","81.4 %","64.3 %","20.0 %","5.40","8.25","7.07","-0.1","1918"
"Matt Riley","Orioles","13","13","63.1","8.38","5.97","1.56",".276","70.4 %","37.4 %","13.9 %","5.40","5.48","5.00","0.3","164"
"Joe Dawley","Indians","2","2","8.1","8.64","7.56","1.08",".286","71.4 %","33.3 %","12.5 %","5.40","5.21","5.01","0.0","1632"
"Wes Obermueller","Brewers","20","20","108.0","3.92","3.42","1.08",".285","65.2 %","49.5 %","11.6 %","5.42","4.97","4.87","0.7","1637"
"Derek Lowe","Red Sox","33","33","182.2","5.17","3.50","0.74",".327","58.5 %","62.3 %","11.6 %","5.42","4.26","4.20","2.2","199"
"Cliff Lee","Indians","33","33","179.0","8.09","4.07","1.51",".304","70.2 %","33.4 %","13.0 %","5.43","4.97","4.62","1.1","1636"
"Ron Villone","Mariners","10","10","53.0","5.77","5.26","1.19",".293","68.1 %","34.8 %","9.5 %","5.43","5.41","5.67","0.1","1010"
"Seth Greisinger","Twins","9","9","46.1","5.44","2.33","2.14",".321","69.4 %","41.4 %","15.5 %","5.44","5.70","4.79","0.0","467"
"Chan Ho Park","Rangers","16","16","95.2","5.93","3.10","2.07",".279","73.2 %","45.2 %","18.5 %","5.46","6.16","4.94","-0.3","1267"
"Aaron Heilman","Mets","5","5","28.0","7.07","4.18","1.29",".288","66.9 %","51.3 %","16.7 %","5.46","4.73","4.09","0.2","1751"
"Ramon Ortiz","Angels","14","14","79.0","5.47","2.62","1.48",".331","70.3 %","36.8 %","12.0 %","5.47","4.92","4.73","0.6","27"
"Jose Contreras","- - -","31","31","170.1","7.93","4.44","1.64",".278","67.1 %","44.1 %","15.7 %","5.50","5.27","4.56","1.1","1660"
"Brett Myers","Phillies","31","31","175.0","5.91","3.14","1.59",".293","68.6 %","47.3 %","16.1 %","5.50","5.19","4.44","1.1","962"
"Jason Jennings","Rockies","33","33","201.0","5.96","4.52","1.21",".326","72.0 %","47.4 %","14.1 %","5.51","5.08","4.69","1.5","434"
"Scott Schoeneweis","White Sox","19","19","111.2","5.56","3.87","1.37",".306","67.9 %","44.0 %","13.4 %","5.56","5.16","4.80","0.9","33"
"Jimmy Gobble","Royals","24","24","142.0","3.04","2.73","1.52",".256","63.0 %","37.5 %","10.9 %","5.58","5.54","5.56","0.6","1791"
"Darrell May","Royals","31","31","186.0","5.81","2.66","1.84",".318","67.7 %","34.0 %","12.9 %","5.61","5.33","4.93","1.1","613"
"Nick Regilio","Rangers","4","4","14.1","6.28","7.53","1.26",".295","64.9 %","44.2 %","11.1 %","5.65","6.40","6.37","-0.1","2226"
"Claudio Vargas","Expos","14","14","65.2","7.13","5.07","2.19",".276","72.4 %","27.2 %","15.2 %","5.76","6.41","5.52","-0.4","1695"
"Jason Davis","Indians","19","19","107.0","5.47","4.04","1.09",".340","66.2 %","50.8 %","11.7 %","5.80","4.84","4.74","0.7","1598"
"Nick Bierbrodt","Rangers","4","4","17.0","5.29","10.06","2.12",".217","81.6 %","41.7 %","20.0 %","5.82","8.64","7.25","-0.4","1194"
"Shawn Estes","Rockies","34","34","202.0","5.21","4.68","1.34",".301","69.4 %","51.3 %","15.3 %","5.84","5.54","4.99","0.7","873"
"Justin Miller","Blue Jays","15","15","75.1","5.38","4.78","1.55",".317","72.5 %","45.4 %","14.9 %","5.85","5.89","5.29","0.0","1313"
"Chad Gaudin","Devil Rays","4","4","15.1","5.87","3.52","0.59",".411","71.0 %","34.5 %","5.0 %","5.87","3.96","4.97","0.2","1783"
"Brian Anderson","Royals","26","26","147.0","3.86","2.76","1.78",".316","63.5 %","34.1 %","12.8 %","5.88","5.70","5.32","0.4","44"
"Scott Elarton","- - -","29","29","158.2","5.84","3.52","1.87",".265","66.9 %","33.7 %","13.5 %","5.90","5.70","5.19","0.2","426"
"Scott Kazmir","Devil Rays","7","7","30.1","10.98","5.34","1.19",".351","66.1 %","40.7 %","11.4 %","5.93","4.30","4.23","0.5","4897"
"Mike Wood","Royals","17","17","100.0","4.86","2.52","1.44",".293","63.9 %","51.5 %","15.1 %","5.94","5.07","4.50","0.7","1806"
"Ben Hendrickson","Brewers","9","9","45.1","5.76","3.77","1.19",".331","68.0 %","50.7 %","15.4 %","5.96","5.01","4.51","0.2","2175"
"Steve Sparks","Diamondbacks","18","18","102.0","4.06","3.26","1.15",".303","61.3 %","41.1 %","9.4 %","6.00","5.04","5.30","0.8","499"
"Doug Waechter","Devil Rays","14","14","70.1","4.61","4.22","2.56",".222","66.2 %","30.1 %","15.2 %","6.01","7.30","6.27","-0.9","1814"
"John Halama","Devil Rays","14","14","74.2","3.62","1.81","1.69",".316","67.1 %","44.2 %","13.7 %","6.03","5.53","5.03","0.1","1080"
"Dan Haren","Cardinals","5","5","25.1","6.75","3.20","1.07",".316","63.2 %","46.3 %","9.7 %","6.04","4.39","4.59","0.3","1757"
"Rocky Biddle","Expos","9","9","40.0","6.52","3.15","1.12",".328","61.0 %","46.5 %","12.2 %","6.07","4.72","4.56","0.3","223"
"Cha Seung Baek","Mariners","5","5","28.0","5.79","3.21","1.61",".304","57.9 %","28.9 %","10.4 %","6.11","5.37","5.48","0.2","8214"
"Brandon Claussen","Reds","14","14","66.0","6.14","4.77","1.23",".320","64.2 %","37.4 %","9.9 %","6.14","5.14","5.33","0.7","814"
"John Van Benschoten","Pirates","5","5","26.1","5.81","4.78","1.03",".288","55.6 %","46.2 %","12.0 %","6.15","5.06","4.93","0.1","2228"
"Tommy Phelps","Marlins","4","4","19.0","5.68","3.32","2.84",".218","72.3 %","43.3 %","20.0 %","6.16","7.00","5.13","-0.3","1665"
"Byung-Hyun Kim","Red Sox","3","3","11.2","3.09","3.86","0.77",".268","45.5 %","40.5 %","6.3 %","6.17","5.28","6.11","0.0","61"
"Brian Sweeney","Padres","2","2","8.2","8.31","2.08","0.00",".379","53.9 %","10.3 %","0.0 %","6.23","1.90","3.86","0.4","1801"
"Chad Durbin","Indians","8","8","36.0","6.25","4.50","1.25",".316","64.3 %","33.6 %","11.1 %","6.25","5.22","5.19","0.2","1442"
"Jeff Fassero","Rockies","12","12","68.2","4.46","4.06","0.92",".311","60.8 %","49.6 %","9.9 %","6.29","4.87","5.01","0.6","279"
"Sterling Hitchcock","Padres","4","4","21.1","5.91","3.38","2.11",".266","65.2 %","45.6 %","20.8 %","6.33","5.91","4.46","-0.1","824"
"Joaquin Benoit","Rangers","15","15","75.1","8.36","2.63","1.79",".321","63.0 %","36.6 %","15.8 %","6.33","4.81","4.02","0.8","1437"
"Tyler Yates","Mets","7","7","32.2","5.51","5.23","1.10",".336","66.2 %","55.4 %","12.5 %","6.34","5.44","5.24","0.1","1527"
"Jorge de la Rosa","Brewers","5","5","22.2","1.99","5.56","0.40",".304","56.3 %","47.3 %","3.3 %","6.35","5.17","6.47","0.1","2047"
"Eric DuBose","Orioles","14","14","74.2","5.79","5.30","1.45",".277","64.0 %","43.1 %","13.8 %","6.39","5.74","5.31","0.2","1633"
"R.A. Dickey","Rangers","15","15","81.2","4.63","2.98","1.65",".325","61.9 %","43.9 %","13.3 %","6.39","5.51","5.09","0.3","1245"
"Carlos Hernandez","Astros","9","9","42.0","5.57","4.93","2.36",".289","75.1 %","36.4 %","18.0 %","6.43","7.22","5.87","-0.6","560"
"Denny Bautista","Royals","5","5","27.2","5.86","3.58","0.65",".383","64.3 %","46.3 %","6.5 %","6.51","4.10","4.75","0.5","1947"
"Sergio Mitre","Cubs","9","9","47.0","6.32","3.64","1.15",".370","68.2 %","60.0 %","16.2 %","6.51","4.77","4.23","0.4","1773"
"Paul Abbott","- - -","19","19","93.2","4.04","5.38","2.11",".264","66.6 %","38.9 %","15.4 %","6.63","7.13","6.24","-1.1","1061"
"Jose Acevedo","Reds","27","27","140.2","6.85","2.82","1.92",".329","65.4 %","37.4 %","15.6 %","6.65","5.35","4.51","0.8","307"
"Casey Fossum","Diamondbacks","27","27","142.0","7.42","3.99","1.96",".325","66.3 %","41.0 %","19.5 %","6.65","5.78","4.53","0.1","188"
"John Wasdin","Rangers","10","10","52.2","4.61","2.91","2.56",".279","68.3 %","31.9 %","15.2 %","6.66","6.81","5.78","-0.3","1768"
"Scott Erickson","- - -","6","6","27.0","3.00","6.67","1.00",".337","66.9 %","49.1 %","10.3 %","6.67","6.05","6.13","-0.1","137"
"Brad Halsey","Yankees","7","7","31.0","6.68","4.06","1.16",".346","60.3 %","42.6 %","9.5 %","6.68","4.79","5.04","0.3","4760"
"Ryan Vogelsong","Pirates","26","26","126.0","6.00","4.43","1.50",".305","64.8 %","34.0 %","11.9 %","6.71","5.60","5.41","0.2","1011"
"Dan Wheeler","Mets","1","1","4.0","4.50","2.25","0.00",".375","57.1 %","18.8 %","0.0 %","6.75","2.80","6.00","0.1","120"
"Matt Guerrier","Twins","2","2","8.0","3.38","2.25","2.25",".323","65.6 %","51.6 %","20.0 %","6.75","6.67","5.20","-0.1","2061"
"Chris George","Royals","7","7","35.1","2.55","5.35","0.25",".336","54.7 %","34.3 %","2.1 %","6.88","4.63","6.20","0.4","601"
"Darren Oliver","- - -","10","10","45.2","5.52","2.76","2.17",".310","61.2 %","41.9 %","18.6 %","6.90","5.94","4.64","-0.1","206"
"Geremi Gonzalez","Devil Rays","8","8","41.1","3.70","3.70","1.74",".345","64.9 %","38.2 %","14.0 %","6.97","6.19","5.64","0.0","1711"
"Jorge DePaula","Yankees","1","1","6.1","1.42","1.42","2.84",".261","64.5 %","34.8 %","18.2 %","7.11","7.31","5.67","-0.1","1827"
"Pat Hentgen","Blue Jays","16","16","78.1","3.68","4.83","1.84",".268","60.4 %","36.9 %","13.6 %","7.12","6.65","6.13","-0.5","145"
"Clint Nageotte","Mariners","5","5","22.2","7.54","5.56","0.79",".392","65.6 %","59.5 %","15.4 %","7.15","4.64","4.31","0.2","2156"
"Casey Daigle","Diamondbacks","10","10","49.0","3.12","4.96","1.65",".309","64.2 %","45.2 %","13.0 %","7.16","6.52","6.13","-0.3","1880"
"Justin Wayne","Marlins","1","1","5.0","5.40","5.40","1.80",".368","52.1 %","40.0 %","20.0 %","7.20","6.25","5.07","0.0","803"
"Edwin Jackson","Dodgers","5","5","19.2","5.03","4.12","2.75",".266","67.8 %","41.2 %","20.7 %","7.32","7.27","5.40","-0.3","1841"
"Elmer Dessens","- - -","10","10","45.0","5.80","3.60","1.40",".371","58.3 %","42.9 %","13.7 %","7.40","4.98","4.57","0.5","317"
"Jason Grilli","White Sox","8","8","45.0","5.20","4.00","2.20",".287","62.1 %","40.1 %","17.2 %","7.40","6.60","5.45","-0.2","521"
"Brandon Duckworth","Astros","6","6","20.2","4.35","3.05","3.48",".319","77.5 %","44.6 %","29.6 %","7.40","8.13","4.95","-0.5","954"
"Jesus Sanchez","Reds","3","3","14.1","5.02","5.65","2.51",".298","70.1 %","38.0 %","20.0 %","7.53","7.44","5.80","-0.2","1476"
"Jeff D'Amico","Indians","7","7","30.2","4.70","1.76","1.76",".339","52.8 %","35.3 %","11.3 %","7.63","5.23","5.15","0.1","871"
"Stephen Randolph","Diamondbacks","6","6","26.2","7.09","7.09","1.35",".348","64.2 %","29.2 %","10.0 %","7.76","5.90","6.08","0.0","1655"
"Brian Cooper","Giants","2","2","9.0","4.00","3.00","4.00",".179","67.6 %","45.2 %","36.4 %","8.00","9.27","5.23","-0.3","1295"
"Justin Germano","Padres","5","5","21.1","6.75","5.91","0.84",".342","49.7 %","55.6 %","13.3 %","8.02","4.74","4.52","0.1","1938"
"Dan Wright","White Sox","4","4","17.2","3.06","5.60","2.55",".297","66.7 %","36.8 %","20.8 %","8.15","8.26","6.51","-0.3","258"
"Nelson Figueroa","Pirates","3","3","12.0","3.00","2.25","2.25",".317","54.1 %","53.7 %","27.3 %","8.25","6.38","4.43","-0.1","683"
"Hideo Nomo","Dodgers","18","18","84.0","5.79","4.50","2.04",".314","59.5 %","26.0 %","15.3 %","8.25","6.35","5.50","-0.4","666"
"Felix Diaz","White Sox","7","7","32.2","6.06","2.76","2.76",".324","59.5 %","32.2 %","19.6 %","8.27","6.60","4.84","0.0","1932"
"Nate Cornejo","Tigers","5","5","25.2","4.21","3.86","1.40",".392","59.9 %","55.2 %","13.8 %","8.42","5.54","5.12","0.0","462"
"Mickey Callaway","Rangers","3","3","10.1","6.97","6.10","1.74",".417","67.6 %","28.9 %","14.3 %","8.71","6.34","5.75","0.0","7"
"Adam Bernero","Rockies","2","2","10.0","4.50","7.20","1.80",".324","60.4 %","25.0 %","10.0 %","9.00","7.05","7.29","-0.1","460"
"Pedro Astacio","Red Sox","1","1","4.0","9.00","0.00","2.25",".429","53.6 %","33.3 %","25.0 %","9.00","4.30","2.47","0.0","862"
"Kameron Loe","Rangers","1","1","4.0","2.25","13.50","0.00",".385","58.3 %","69.2 %","0.0 %","9.00","7.80","8.15","-0.1","4422"
"Abe Alvarez","Red Sox","1","1","5.0","3.60","9.00","3.60",".375","78.4 %","35.3 %","25.0 %","9.00","10.45","7.52","-0.2","6259"
"Edgar Gonzalez","Diamondbacks","10","10","46.1","6.02","3.50","2.91",".358","62.2 %","40.2 %","24.6 %","9.32","7.41","5.07","-0.7","1727"
"Francisco Cruceta","Indians","2","2","7.2","10.57","4.70","1.17",".375","44.1 %","44.0 %","14.3 %","9.39","4.35","3.96","0.1","2104"
"Jason Kershner","Blue Jays","2","2","6.2","2.70","4.05","1.35",".345","47.6 %","43.3 %","8.3 %","9.45","5.75","6.36","0.0","1566"
"Kyle Denney","Indians","4","4","16.0","7.31","4.50","1.69",".468","64.3 %","41.3 %","13.0 %","9.56","5.36","4.97","0.0","7192"
"Kurt Ainsworth","Orioles","7","7","30.2","5.87","5.87","1.76",".330","54.0 %","41.2 %","15.4 %","9.68","6.73","6.00","-0.2","1431"
"Matt Kinney","Brewers","6","6","25.0","6.12","5.40","1.44",".379","52.7 %","33.3 %","12.9 %","9.72","5.69","5.37","0.0","737"
"John Maine","Orioles","1","1","3.2","2.45","7.36","2.45",".429","69.8 %","40.0 %","16.7 %","9.82","8.50","7.28","-0.1","4773"
"Travis Blackley","Mariners","6","6","26.0","5.54","7.62","3.12",".302","59.5 %","28.7 %","18.4 %","10.04","8.97","7.15","-0.7","3234"
"Sean Douglass","Blue Jays","3","3","13.0","9.69","5.54","2.77",".359","58.0 %","39.0 %","26.7 %","10.38","7.20","4.84","-0.2","133"
"Jeremy Griffiths","Astros","1","1","4.1","10.38","6.23","2.08",".273","35.7 %","33.3 %","20.0 %","10.38","5.82","4.46","0.0","1731"
"Wayne Franklin","Giants","2","2","6.2","6.75","4.05","1.35",".333","37.7 %","45.5 %","12.5 %","10.80","5.30","5.05","0.0","557"
"Jimmy Haynes","Reds","4","4","13.1","5.40","4.73","2.03",".426","58.4 %","46.3 %","21.4 %","10.80","6.80","5.37","-0.1","329"
"Lance Cormier","Diamondbacks","5","5","21.1","3.80","5.06","3.38",".354","57.1 %","44.0 %","32.0 %","10.97","8.77","5.56","-0.6","4346"
"Chris Gissell","Rockies","1","1","4.0","18.00","2.25","2.25",".667","58.1 %","25.0 %","33.3 %","11.25","3.05","0.86","0.1","2015"
"Denny Stark","Rockies","6","6","26.0","3.46","6.23","3.12",".389","48.0 %","33.3 %","20.9 %","11.42","8.86","6.71","-0.7","452"
"Todd Ritchie","Devil Rays","2","2","6.0","4.50","7.50","6.00",".333","70.2 %","44.0 %","40.0 %","12.00","13.72","7.42","-0.4","253"
"Jason Standridge","Devil Rays","1","1","3.0","6.00","0.00","6.00",".300","45.5 %","25.0 %","33.3 %","12.00","10.38","4.56","-0.1","1229"
"Logan Kensing","Marlins","3","3","10.2","3.37","7.59","4.22",".306","57.9 %","40.0 %","27.8 %","12.66","11.21","7.51","-0.6","6166"
"Jason Young","Rockies","2","2","8.1","7.56","5.40","3.24",".400","50.6 %","56.3 %","30.0 %","12.96","7.85","4.87","-0.1","1707"
"Sam Narron","Rangers","1","1","2.2","3.37","13.50","10.12",".222","100.0 %","16.7 %","50.0 %","13.50","21.42","10.00","-0.3","4516"
"Kevin Appier","Royals","2","2","4.0","4.50","6.75","0.00",".412","20.0 %","47.1 %","0.0 %","13.50","4.30","5.01","0.1","3"
"Jose Capellan","Braves","2","2","6.0","6.00","7.50","3.00",".381","49.2 %","36.4 %","40.0 %","13.50","8.55","5.40","-0.2","2236"
"Eduardo Villacis","Royals","1","1","3.1","0.00","10.80","2.70",".333","58.1 %","37.5 %","20.0 %","13.50","10.55","8.78","-0.1","1922"
"Donovan Osborne","Yankees","2","2","6.1","0.00","2.84","1.42",".433","32.1 %","38.7 %","9.1 %","14.21","6.52","6.94","-0.1","299"
"Ian Snell","Pirates","1","1","5.0","9.00","9.00","1.80",".556","54.8 %","44.4 %","50.0 %","14.40","6.65","4.62","-0.1","2227"
"James Baldwin","Mets","2","2","6.0","1.50","7.50","4.50",".385","60.8 %","14.8 %","17.6 %","15.00","12.22","9.74","-0.4","1064"
"J.D. Durbin","Twins","1","1","3.0","6.00","12.00","0.00",".538","54.6 %","46.2 %","0.0 %","15.00","5.72","8.08","0.0","7992"
"Neal Cotts","White Sox","1","1","2.1","3.86","3.86","7.71",".375","62.5 %","50.0 %","66.7 %","15.43","14.62","5.30","-0.2","1797"
"Shawn Hill","Expos","3","3","9.0","10.00","7.00","1.00",".500","38.1 %","33.3 %","16.7 %","16.00","4.94","4.44","0.0","1882"
"Andy Good","Diamondbacks","2","2","6.1","1.42","4.26","7.11",".333","45.5 %","31.3 %","29.4 %","17.05","14.89","8.44","-0.4","1690"
"Josh Stewart","White Sox","2","2","6.2","5.40","4.05","4.05",".429","36.2 %","36.7 %","18.8 %","17.55","9.05","6.61","-0.2","1683"
"Michael Tejera","Marlins","2","2","4.0","6.75","13.50","0.00",".462","38.5 %","38.5 %","0.0 %","18.00","6.80","8.22","-0.1","542"
"Nate Bump","Marlins","2","2","5.2","4.76","3.18","3.18",".440","15.2 %","51.9 %","28.6 %","22.24","8.17","5.33","-0.1","1755"
"T.J. Tucker","Expos","1","1","2.1","11.57","7.71","0.00",".600","25.0 %","40.0 %","0.0 %","23.14","3.05","4.27","0.1","800"
"Damian Moss","Devil Rays","2","2","4.0","9.00","4.50","2.25",".529","9.4 %","23.5 %","20.0 %","24.75","5.80","4.33","0.0","107"
"Joe Valentine","Reds","1","1","1.0","0.00","45.00","0.00",".400","57.1 %","60.0 %","0.0 %","27.00","18.05","20.89","-0.1","1810"
"Alex Graman","Yankees","2","2","3.0","6.00","6.00","0.00",".684","33.3 %","26.3 %","0.0 %","30.00","3.72","7.50","0.1","1910"
"Arnie Munoz","White Sox","1","1","3.0","3.00","9.00","6.00",".533","26.8 %","31.3 %","40.0 %","33.00","15.05","8.75","-0.2","2111"
"Kevin Correia","Giants","1","1","2.0","0.00","13.50","4.50",".417","0.0 %","50.0 %","20.0 %","36.00","14.05","11.10","-0.2","1767"
"Frank Brooks","Pirates","1","1","1.0","9.00","9.00","18.00",".250","-83.3 %","33.3 %","66.7 %","36.00","30.05","8.31","-0.2","1877"
"Ryan Madson","Phillies","1","1","0.2","0.00","13.50","40.50",".600","35.7 %","12.5 %","100.0 %","81.00","66.05","13.94","-0.3","1852"
"Jared Fernandez","Astros","1","1","0.1","0.00","81.00","0.00",".750","33.3 %","25.0 %","0.0 %","108.00","30.05","30.05","-0.1","324"
